Unnamed: 0,visitorid,total_events,first_event,last_event,recency_days,tenure_days,total_views,total_addtocarts,total_tx,distinct_items,view_items,addtocart_items,tx_items,prop_addtocart,prop_tx,events_7d,events_14d,events_30d,active_days,events_per_active_day,view_price,addtocart_price,tx_price,avg_inter_event_days,prop_very_fast,prop_same_item_repeat,max_events_per_minute,level_1,delta_s,prop_price_available,flag_many_events,flag_many_events_30d,flag_events_per_day_high,flag_high_epm,flag_fast_burst,flag_repeat_items,flag_many_distinct_items,rule_flag_score,iso_score,iso_flag,iso_score_norm,model_flag,rule_score_norm,combined_score,final_flag
1150086,1150086,7700,2015-06-11 14:55:17.389,2015-09-17 02:57:11.237,1,98,6479,719,559,3814,3809,623,532,0.0933766233766112,0.0725974025973931,233,762,1184,74,104.05405405405403,132888.39587128113,162325.843373494,151165.41312741314,0.0125653033851928,0.0117313394353487,0.2709810493747583,10,min_ie_s,0.0,0.7893515534356066,1,1,0,0,0,0,1,3,-0.1180867453969236,1,0.9779671793417992,1,1.0,0.9911868717367197,1
1150086,1150086,7700,2015-06-11 14:55:17.389,2015-09-17 02:57:11.237,1,98,6479,719,559,3814,3809,623,532,0.0933766233766112,0.0725974025973931,233,762,1184,74,104.05405405405403,132888.39587128113,162325.843373494,151165.41312741314,0.0125653033851928,0.0117313394353487,0.2709810493747583,10,median_ie_s,107.597,0.7893515534356066,1,1,0,0,0,0,1,3,-0.1180867453969236,1,0.9779671793417992,1,1.0,0.9911868717367197,1
1150086,1150086,7700,2015-06-11 14:55:17.389,2015-09-17 02:57:11.237,1,98,6479,719,559,3814,3809,623,532,0.0933766233766112,0.0725974025973931,233,762,1184,74,104.05405405405403,132888.39587128113,162325.843373494,151165.41312741314,0.0125653033851928,0.0117313394353487,0.2709810493747583,10,std_ie_s,12226.16089038191,0.7893515534356066,1,1,0,0,0,0,1,3,-0.1180867453969236,1,0.9779671793417992,1,1.0,0.9911868717367197,1
152963,152963,2953,2015-07-31 21:14:28.499,2015-09-18 02:48:46.605,0,49,2304,371,349,1622,1596,350,319,0.1256349475109632,0.1181848967151648,453,941,1937,38,77.71052631578948,136103.37548638132,129124.13559322034,122986.8895522388,0.0159495067139584,0.0357142857142857,0.2863756613756614,6,min_ie_s,0.0,0.9077380952380952,0,1,0,0,0,0,1,2,-0.1226934640148401,1,0.9864076876477788,1,0.6666666666666666,0.7945630750591115,1
152963,152963,2953,2015-07-31 21:14:28.499,2015-09-18 02:48:46.605,0,49,2304,371,349,1622,1596,350,319,0.1256349475109632,0.1181848967151648,453,941,1937,38,77.71052631578948,136103.37548638132,129124.13559322034,122986.8895522388,0.0159495067139584,0.0357142857142857,0.2863756613756614,6,median_ie_s,118.022,0.9077380952380952,0,1,0,0,0,0,1,2,-0.1226934640148401,1,0.9864076876477788,1,0.6666666666666666,0.7945630750591115,1
152963,152963,2953,2015-07-31 21:14:28.499,2015-09-18 02:48:46.605,0,49,2304,371,349,1622,1596,350,319,0.1256349475109632,0.1181848967151648,453,941,1937,38,77.71052631578948,136103.37548638132,129124.13559322034,122986.8895522388,0.0159495067139584,0.0357142857142857,0.2863756613756614,6,std_ie_s,12953.445768987664,0.9077380952380952,0,1,0,0,0,0,1,2,-0.1226934640148401,1,0.9864076876477788,1,0.6666666666666666,0.7945630750591115,1
247235,247235,1690,2015-08-13 21:09:50.653,2015-09-14 23:43:43.989,3,33,1401,165,132,958,950,150,129,0.0976331360946167,0.0781065088756934,270,510,1118,19,88.94736842105263,146193.8483496878,148185.1948051948,138171.24590163934,0.0189140763111373,0.0141342756183745,0.2491166077738515,9,min_ie_s,0.0,0.8227326266195524,0,1,0,0,0,0,1,2,-0.1180867453969236,1,0.9779671793417992,1,0.6666666666666666,0.7911868717367196,1
247235,247235,1690,2015-08-13 21:09:50.653,2015-09-14 23:43:43.989,3,33,1401,165,132,958,950,150,129,0.0976331360946167,0.0781065088756934,270,510,1118,19,88.94736842105263,146193.8483496878,148185.1948051948,138171.24590163934,0.0189140763111373,0.0141342756183745,0.2491166077738515,9,median_ie_s,131.423,0.8227326266195524,0,1,0,0,0,0,1,2,-0.1180867453969236,1,0.9779671793417992,1,0.6666666666666666,0.7911868717367196,1
247235,247235,1690,2015-08-13 21:09:50.653,2015-09-14 23:43:43.989,3,33,1401,165,132,958,950,150,129,0.0976331360946167,0.0781065088756934,270,510,1118,19,88.94736842105263,146193.8483496878,148185.1948051948,138171.24590163934,0.0189140763111373,0.0141342756183745,0.2491166077738515,9,std_ie_s,31311.265871867487,0.8227326266195524,0,1,0,0,0,0,1,2,-0.1180867453969236,1,0.9779671793417992,1,0.6666666666666666,0.7911868717367196,1
530559,530559,4263,2015-06-15 18:59:25.103,2015-09-17 02:14:14.827,1,94,3623,419,286,2209,2204,374,259,0.0982875908984052,0.0670889045273124,178,290,884,73,58.397260273972606,147700.63133097763,151797.84061696657,120061.0494296578,0.0215570459817339,0.0244916820702402,0.2160351201478743,6,min_ie_s,0.0,0.7391404805914972,1,0,0,0,0,0,1,2,-0.1163656442628534,1,0.9748137485329252,1,0.6666666666666666,0.7899254994131701,1
530559,530559,4263,2015-06-15 18:59:25.103,2015-09-17 02:14:14.827,1,94,3623,419,286,2209,2204,374,259,0.0982875908984052,0.0670889045273124,178,290,884,73,58.397260273972606,147700.63133097763,151797.84061696657,120061.0494296578,0.0215570459817339,0.0244916820702402,0.2160351201478743,6,median_ie_s,99.297,0.7391404805914972,1,0,0,0,0,0,1,2,-0.1163656442628534,1,0.9748137485329252,1,0.6666666666666666,0.7899254994131701,1
530559,530559,4263,2015-06-15 18:59:25.103,2015-09-17 02:14:14.827,1,94,3623,419,286,2209,2204,374,259,0.0982875908984052,0.0670889045273124,178,290,884,73,58.397260273972606,147700.63133097763,151797.84061696657,120061.0494296578,0.0215570459817339,0.0244916820702402,0.2160351201478743,6,std_ie_s,17013.722187811734,0.7391404805914972,1,0,0,0,0,0,1,2,-0.1163656442628534,1,0.9748137485329252,1,0.6666666666666666,0.7899254994131701,1
994820,994820,1660,2015-08-25 15:34:29.503,2015-09-18 02:52:21.219,0,24,1471,119,71,912,911,116,70,0.0716867469879086,0.0427710843373236,290,871,1660,24,69.16666666666667,130967.62638991846,179785.30909090908,151615.0909090909,0.0141331785475234,0.0030102347983142,0.2233594220349187,4,min_ie_s,0.0,0.918121613485852,0,1,0,0,0,0,1,2,-0.1129339045505453,1,0.9685260565881548,1,0.6666666666666666,0.7874104226352618,1
994820,994820,1660,2015-08-25 15:34:29.503,2015-09-18 02:52:21.219,0,24,1471,119,71,912,911,116,70,0.0716867469879086,0.0427710843373236,290,871,1660,24,69.16666666666667,130967.62638991846,179785.30909090908,151615.0909090909,0.0141331785475234,0.0030102347983142,0.2233594220349187,4,median_ie_s,146.245,0.918121613485852,0,1,0,0,0,0,1,2,-0.1129339045505453,1,0.9685260565881548,1,0.6666666666666666,0.7874104226352618,1
994820,994820,1660,2015-08-25 15:34:29.503,2015-09-18 02:52:21.219,0,24,1471,119,71,912,911,116,70,0.0716867469879086,0.0427710843373236,290,871,1660,24,69.16666666666667,130967.62638991846,179785.30909090908,151615.0909090909,0.0141331785475234,0.0030102347983142,0.2233594220349187,4,std_ie_s,10209.586973452582,0.918121613485852,0,1,0,0,0,0,1,2,-0.1129339045505453,1,0.9685260565881548,1,0.6666666666666666,0.7874104226352618,1
737053,737053,1053,2015-08-26 15:59:53.879,2015-09-14 02:40:28.907,4,19,1028,17,10,642,642,16,10,0.0161443494776674,0.0094966761633338,179,681,1053,14,75.21428571428571,87403.76113360324,131566.4,129240.0,0.0174939713788741,0.0056872037914691,0.0966824644549763,5,min_ie_s,0.0,0.9592417061611376,0,1,0,0,0,0,1,2,-0.1095160678082238,1,0.9622638379017672,1,0.6666666666666666,0.7849055351607068,1
737053,737053,1053,2015-08-26 15:59:53.879,2015-09-14 02:40:28.907,4,19,1028,17,10,642,642,16,10,0.0161443494776674,0.0094966761633338,179,681,1053,14,75.21428571428571,87403.76113360324,131566.4,129240.0,0.0174939713788741,0.0056872037914691,0.0966824644549763,5,median_ie_s,75.638,0.9592417061611376,0,1,0,0,0,0,1,2,-0.1095160678082238,1,0.9622638379017672,1,0.6666666666666666,0.7849055351607068,1
737053,737053,1053,2015-08-26 15:59:53.879,2015-09-14 02:40:28.907,4,19,1028,17,10,642,642,16,10,0.0161443494776674,0.0094966761633338,179,681,1053,14,75.21428571428571,87403.76113360324,131566.4,129240.0,0.0174939713788741,0.0056872037914691,0.0966824644549763,5,std_ie_s,16985.938589454418,0.9592417061611376,0,1,0,0,0,0,1,2,-0.1095160678082238,1,0.9622638379017672,1,0.6666666666666666,0.7849055351607068,1
661052,661052,17,2015-07-25 17:54:23.333,2015-09-15 16:52:22.416,2,52,5,12,0,5,4,1,0,0.705882352899654,0.0,14,14,14,2,8.5,119880.0,57000.0,0.0,3.2473046875,0.6470588235294118,0.6470588235294118,12,min_ie_s,0.021,0.7647058823529411,0,0,0,0,1,1,0,2,-0.0937154049261976,1,0.9333135942778046,1,0.6666666666666666,0.7733254377111218,1
661052,661052,17,2015-07-25 17:54:23.333,2015-09-15 16:52:22.416,2,52,5,12,0,5,4,1,0,0.705882352899654,0.0,14,14,14,2,8.5,119880.0,57000.0,0.0,3.2473046875,0.6470588235294118,0.6470588235294118,12,median_ie_s,0.4545,0.7647058823529411,0,0,0,0,1,1,0,2,-0.0937154049261976,1,0.9333135942778046,1,0.6666666666666666,0.7733254377111218,1
661052,661052,17,2015-07-25 17:54:23.333,2015-09-15 16:52:22.416,2,52,5,12,0,5,4,1,0,0.705882352899654,0.0,14,14,14,2,8.5,119880.0,57000.0,0.0,3.2473046875,0.6470588235294118,0.6470588235294118,12,std_ie_s,1082829.1405914295,0.7647058823529411,0,0,0,0,1,1,0,2,-0.0937154049261976,1,0.9333135942778046,1,0.6666666666666666,0.7733254377111218,1
1171546,1171546,32,2015-09-08 21:47:47.312,2015-09-08 22:13:03.909,9,1,4,28,0,3,3,2,0,0.8749999999726563,0.0,0,32,32,1,32.0,14880.0,15291.42857142857,0.0,0.000564142771804,0.75,0.84375,17,min_ie_s,0.0,1.0,0,0,0,0,1,1,0,2,-0.0933589424180041,1,0.9326604775995956,1,0.6666666666666666,0.7730641910398381,1
1171546,1171546,32,2015-09-08 21:47:47.312,2015-09-08 22:13:03.909,9,1,4,28,0,3,3,2,0,0.8749999999726563,0.0,0,32,32,1,32.0,14880.0,15291.42857142857,0.0,0.000564142771804,0.75,0.84375,17,median_ie_s,0.188,1.0,0,0,0,0,1,1,0,2,-0.0933589424180041,1,0.9326604775995956,1,0.6666666666666666,0.7730641910398381,1
1171546,1171546,32,2015-09-08 21:47:47.312,2015-09-08 22:13:03.909,9,1,4,28,0,3,3,2,0,0.8749999999726563,0.0,0,32,32,1,32.0,14880.0,15291.42857142857,0.0,0.000564142771804,0.75,0.84375,17,std_ie_s,249.8445786188236,1.0,0,0,0,0,1,1,0,2,-0.0933589424180041,1,0.9326604775995956,1,0.6666666666666666,0.7730641910398381,1
79627,79627,1623,2015-05-12 16:35:40.281,2015-09-15 15:12:35.337,2,126,1619,4,0,1257,1257,4,0,0.0024645717806515,0.0,5,46,1156,74,21.93243243243243,99414.72653061224,209550.0,0.0,0.0776405158240855,0.0086260012322858,0.084411583487369,9,min_ie_s,0.016,0.9081947011706716,0,1,0,0,0,0,1,2,-0.091520095759358,1,0.929291311435341,1,0.6666666666666666,0.7717165245741364,1
79627,79627,1623,2015-05-12 16:35:40.281,2015-09-15 15:12:35.337,2,126,1619,4,0,1257,1257,4,0,0.0024645717806515,0.0,5,46,1156,74,21.93243243243243,99414.72653061224,209550.0,0.0,0.0776405158240855,0.0086260012322858,0.084411583487369,9,median_ie_s,25.9755,0.9081947011706716,0,1,0,0,0,0,1,2,-0.091520095759358,1,0.929291311435341,1,0.6666666666666666,0.7717165245741364,1
79627,79627,1623,2015-05-12 16:35:40.281,2015-09-15 15:12:35.337,2,126,1619,4,0,1257,1257,4,0,0.0024645717806515,0.0,5,46,1156,74,21.93243243243243,99414.72653061224,209550.0,0.0,0.0776405158240855,0.0086260012322858,0.084411583487369,9,std_ie_s,41236.71647861869,0.9081947011706716,0,1,0,0,0,0,1,2,-0.091520095759358,1,0.929291311435341,1,0.6666666666666666,0.7717165245741364,1
573560,573560,13,2015-09-11 16:22:07.301,2015-09-11 16:22:11.047,6,1,13,0,0,1,1,0,0,0.0,0.0,13,13,13,1,13.0,0.0,0.0,0.0,1.9290123456790124e-06,0.8461538461538461,0.9230769230769232,13,min_ie_s,0.098,0.0,0,0,0,0,1,1,0,2,-0.0892978714482474,1,0.9252197142071684,1,0.6666666666666666,0.7700878856828673,1
573560,573560,13,2015-09-11 16:22:07.301,2015-09-11 16:22:11.047,6,1,13,0,0,1,1,0,0,0.0,0.0,13,13,13,1,13.0,0.0,0.0,0.0,1.9290123456790124e-06,0.8461538461538461,0.9230769230769232,13,median_ie_s,0.1225,0.0,0,0,0,0,1,1,0,2,-0.0892978714482474,1,0.9252197142071684,1,0.6666666666666666,0.7700878856828673,1
573560,573560,13,2015-09-11 16:22:07.301,2015-09-11 16:22:11.047,6,1,13,0,0,1,1,0,0,0.0,0.0,13,13,13,1,13.0,0.0,0.0,0.0,1.9290123456790124e-06,0.8461538461538461,0.9230769230769232,13,std_ie_s,0.545560695268842,0.0,0,0,0,0,1,1,0,2,-0.0892978714482474,1,0.9252197142071684,1,0.6666666666666666,0.7700878856828673,1
645525,645525,1389,2015-08-19 18:28:55.910,2015-09-08 14:57:15.636,9,20,1180,124,107,791,778,115,100,0.089272858171282,0.0770338372929611,0,159,1389,18,77.16666666666667,134191.5204359673,206593.4482758621,205854.5346534653,0.0140745419621749,0.0240963855421686,0.2147413182140326,11,min_ie_s,0.0,0.9340892983699504,0,1,0,0,0,0,1,2,-0.0861425451508764,1,0.9194384716286756,1,0.6666666666666666,0.7677753886514702,1
645525,645525,1389,2015-08-19 18:28:55.910,2015-09-08 14:57:15.636,9,20,1180,124,107,791,778,115,100,0.089272858171282,0.0770338372929611,0,159,1389,18,77.16666666666667,134191.5204359673,206593.4482758621,205854.5346534653,0.0140745419621749,0.0240963855421686,0.2147413182140326,11,median_ie_s,111.7135,0.9340892983699504,0,1,0,0,0,0,1,2,-0.0861425451508764,1,0.9194384716286756,1,0.6666666666666666,0.7677753886514702,1
645525,645525,1389,2015-08-19 18:28:55.910,2015-09-08 14:57:15.636,9,20,1180,124,107,791,778,115,100,0.089272858171282,0.0770338372929611,0,159,1389,18,77.16666666666667,134191.5204359673,206593.4482758621,205854.5346534653,0.0140745419621749,0.0240963855421686,0.2147413182140326,11,std_ie_s,10948.535953774865,0.9340892983699504,0,1,0,0,0,0,1,2,-0.0861425451508764,1,0.9194384716286756,1,0.6666666666666666,0.7677753886514702,1
794695,794695,19,2015-08-27 07:44:29.842,2015-08-27 17:10:42.392,21,1,3,16,0,5,2,5,0,0.8421052631135734,0.0,0,0,19,1,19.0,228640.0,371430.0,0.0,0.0218422067901234,0.5789473684210527,0.7368421052631579,12,min_ie_s,0.07,1.0,0,0,0,0,1,1,0,2,-0.0849234965973702,1,0.9172049101080642,1,0.6666666666666666,0.7668819640432256,1
794695,794695,19,2015-08-27 07:44:29.842,2015-08-27 17:10:42.392,21,1,3,16,0,5,2,5,0,0.8421052631135734,0.0,0,0,19,1,19.0,228640.0,371430.0,0.0,0.0218422067901234,0.5789473684210527,0.7368421052631579,12,median_ie_s,0.0755,1.0,0,0,0,0,1,1,0,2,-0.0849234965973702,1,0.9172049101080642,1,0.6666666666666666,0.7668819640432256,1
794695,794695,19,2015-08-27 07:44:29.842,2015-08-27 17:10:42.392,21,1,3,16,0,5,2,5,0,0.8421052631135734,0.0,0,0,19,1,19.0,228640.0,371430.0,0.0,0.0218422067901234,0.5789473684210527,0.7368421052631579,12,std_ie_s,7647.442038077525,1.0,0,0,0,0,1,1,0,2,-0.0849234965973702,1,0.9172049101080642,1,0.6666666666666666,0.7668819640432256,1
286885,286885,25,2015-08-23 07:00:48.161,2015-08-23 07:05:19.765,25,1,25,0,0,2,2,0,0,0.0,0.0,0,0,25,1,25.0,53995.2,0.0,0.0,0.0001277970679012,0.76,0.92,24,min_ie_s,0.003,1.0,0,0,0,0,1,1,0,2,-0.0627201125830679,1,0.8765234917846819,1,0.6666666666666666,0.7506093967138727,1
286885,286885,25,2015-08-23 07:00:48.161,2015-08-23 07:05:19.765,25,1,25,0,0,2,2,0,0,0.0,0.0,0,0,25,1,25.0,53995.2,0.0,0.0,0.0001277970679012,0.76,0.92,24,median_ie_s,0.123,1.0,0,0,0,0,1,1,0,2,-0.0627201125830679,1,0.8765234917846819,1,0.6666666666666666,0.7506093967138727,1
286885,286885,25,2015-08-23 07:00:48.161,2015-08-23 07:05:19.765,25,1,25,0,0,2,2,0,0,0.0,0.0,0,0,25,1,25.0,53995.2,0.0,0.0,0.0001277970679012,0.76,0.92,24,std_ie_s,51.6160824401874,1.0,0,0,0,0,1,1,0,2,-0.0627201125830679,1,0.8765234917846819,1,0.6666666666666666,0.7506093967138727,1
870811,870811,32,2015-05-30 22:21:26.181,2015-05-30 22:47:43.713,110,1,1,31,0,1,1,1,0,0.9687499999697268,0.0,0,0,0,1,32.0,82680.0,82680.0,0.0,0.0005857974910394,0.875,0.96875,31,min_ie_s,0.14,1.0,0,0,0,0,1,1,0,2,-0.0611112783912587,1,0.8735757583793688,1,0.6666666666666666,0.7494303033517475,1
870811,870811,32,2015-05-30 22:21:26.181,2015-05-30 22:47:43.713,110,1,1,31,0,1,1,1,0,0.9687499999697268,0.0,0,0,0,1,32.0,82680.0,82680.0,0.0,0.0005857974910394,0.875,0.96875,31,median_ie_s,0.204,1.0,0,0,0,0,1,1,0,2,-0.0611112783912587,1,0.8735757583793688,1,0.6666666666666666,0.7494303033517475,1
870811,870811,32,2015-05-30 22:21:26.181,2015-05-30 22:47:43.713,110,1,1,31,0,1,1,1,0,0.9687499999697268,0.0,0,0,0,1,32.0,82680.0,82680.0,0.0,0.0005857974910394,0.875,0.96875,31,std_ie_s,275.9653257676549,1.0,0,0,0,0,1,1,0,2,-0.0611112783912587,1,0.8735757583793688,1,0.6666666666666666,0.7494303033517475,1
910686,910686,7,2015-09-04 21:54:16.475,2015-09-04 21:54:39.078,13,1,1,6,0,2,1,1,0,0.8571428570204082,0.0,0,7,7,1,7.0,86400.0,178920.0,0.0,4.050925925925926e-05,0.5714285714285714,0.7142857142857143,7,min_ie_s,0.031,1.0,0,0,0,0,1,1,0,2,-0.0509662495252457,1,0.8549878637172212,1,0.6666666666666666,0.7419951454868885,1
910686,910686,7,2015-09-04 21:54:16.475,2015-09-04 21:54:39.078,13,1,1,6,0,2,1,1,0,0.8571428570204082,0.0,0,7,7,1,7.0,86400.0,178920.0,0.0,4.050925925925926e-05,0.5714285714285714,0.7142857142857143,7,median_ie_s,0.094,1.0,0,0,0,0,1,1,0,2,-0.0509662495252457,1,0.8549878637172212,1,0.6666666666666666,0.7419951454868885,1
910686,910686,7,2015-09-04 21:54:16.475,2015-09-04 21:54:39.078,13,1,1,6,0,2,1,1,0,0.8571428570204082,0.0,0,7,7,1,7.0,86400.0,178920.0,0.0,4.050925925925926e-05,0.5714285714285714,0.7142857142857143,7,std_ie_s,6.35070713691703,1.0,0,0,0,0,1,1,0,2,-0.0509662495252457,1,0.8549878637172212,1,0.6666666666666666,0.7419951454868885,1
1317636,1317636,23,2015-08-13 02:10:55.975,2015-08-13 02:15:56.166,36,1,9,14,0,8,7,1,0,0.608695652147448,0.0,0,0,0,1,23.0,32453.33333333333,7440.0,0.0,0.0001546717171717,0.5652173913043478,0.5652173913043478,16,min_ie_s,0.0,1.0,0,0,0,0,1,1,0,2,-0.0440433235434597,1,0.8423035608332359,1,0.6666666666666666,0.7369214243332943,1
1317636,1317636,23,2015-08-13 02:10:55.975,2015-08-13 02:15:56.166,36,1,9,14,0,8,7,1,0,0.608695652147448,0.0,0,0,0,1,23.0,32453.33333333333,7440.0,0.0,0.0001546717171717,0.5652173913043478,0.5652173913043478,16,median_ie_s,0.3135,1.0,0,0,0,0,1,1,0,2,-0.0440433235434597,1,0.8423035608332359,1,0.6666666666666666,0.7369214243332943,1
1317636,1317636,23,2015-08-13 02:10:55.975,2015-08-13 02:15:56.166,36,1,9,14,0,8,7,1,0,0.608695652147448,0.0,0,0,0,1,23.0,32453.33333333333,7440.0,0.0,0.0001546717171717,0.5652173913043478,0.5652173913043478,16,std_ie_s,18.308383311967606,1.0,0,0,0,0,1,1,0,2,-0.0440433235434597,1,0.8423035608332359,1,0.6666666666666666,0.7369214243332943,1
1401051,1401051,13,2015-08-28 11:05:25.613,2015-08-28 11:05:31.108,20,1,13,0,0,1,1,0,0,0.0,0.0,0,0,13,1,13.0,429600.0,0.0,0.0,1.9290123456790124e-06,0.7692307692307693,0.9230769230769232,13,min_ie_s,0.131,1.0,0,0,0,0,1,1,0,2,-0.0431042332364908,1,0.8405829435797294,1,0.6666666666666666,0.7362331774318918,1
1401051,1401051,13,2015-08-28 11:05:25.613,2015-08-28 11:05:31.108,20,1,13,0,0,1,1,0,0,0.0,0.0,0,0,13,1,13.0,429600.0,0.0,0.0,1.9290123456790124e-06,0.7692307692307693,0.9230769230769232,13,median_ie_s,0.2329999999999999,1.0,0,0,0,0,1,1,0,2,-0.0431042332364908,1,0.8405829435797294,1,0.6666666666666666,0.7362331774318918,1
1401051,1401051,13,2015-08-28 11:05:25.613,2015-08-28 11:05:31.108,20,1,13,0,0,1,1,0,0,0.0,0.0,0,0,13,1,13.0,429600.0,0.0,0.0,1.9290123456790124e-06,0.7692307692307693,0.9230769230769232,13,std_ie_s,0.4319456868506605,1.0,0,0,0,0,1,1,0,2,-0.0431042332364908,1,0.8405829435797294,1,0.6666666666666666,0.7362331774318918,1
934150,934150,15,2015-05-17 22:41:23.145,2015-05-17 22:42:54.386,123,1,2,13,0,1,1,1,0,0.8666666666088889,0.0,0,0,0,1,15.0,128040.0,128040.0,0.0,7.10978835978836e-05,0.6,0.9333333333333332,14,min_ie_s,0.203,1.0,0,0,0,0,1,1,0,2,-0.0424723602838377,1,0.8394252151948332,1,0.6666666666666666,0.7357700860779333,1
934150,934150,15,2015-05-17 22:41:23.145,2015-05-17 22:42:54.386,123,1,2,13,0,1,1,1,0,0.8666666666088889,0.0,0,0,0,1,15.0,128040.0,128040.0,0.0,7.10978835978836e-05,0.6,0.9333333333333332,14,median_ie_s,0.2815,1.0,0,0,0,0,1,1,0,2,-0.0424723602838377,1,0.8394252151948332,1,0.6666666666666666,0.7357700860779333,1
934150,934150,15,2015-05-17 22:41:23.145,2015-05-17 22:42:54.386,123,1,2,13,0,1,1,1,0,0.8666666666088889,0.0,0,0,0,1,15.0,128040.0,128040.0,0.0,7.10978835978836e-05,0.6,0.9333333333333332,14,std_ie_s,12.576405454992589,1.0,0,0,0,0,1,1,0,2,-0.0424723602838377,1,0.8394252151948332,1,0.6666666666666666,0.7357700860779333,1
1083640,1083640,12,2015-08-31 20:09:52.868,2015-08-31 20:52:40.423,17,1,12,0,0,4,4,0,0,0.0,0.0,0,0,12,1,12.0,78000.0,0.0,0.0,0.0026988636363636,0.6666666666666666,0.6666666666666666,3,min_ie_s,0.078,0.5,0,0,0,0,1,1,0,2,-0.0404909027372684,1,0.8357947549330061,1,0.6666666666666666,0.7343179019732025,1
1083640,1083640,12,2015-08-31 20:09:52.868,2015-08-31 20:52:40.423,17,1,12,0,0,4,4,0,0,0.0,0.0,0,0,12,1,12.0,78000.0,0.0,0.0,0.0026988636363636,0.6666666666666666,0.6666666666666666,3,median_ie_s,0.14,0.5,0,0,0,0,1,1,0,2,-0.0404909027372684,1,0.8357947549330061,1,0.6666666666666666,0.7343179019732025,1
1083640,1083640,12,2015-08-31 20:09:52.868,2015-08-31 20:52:40.423,17,1,12,0,0,4,4,0,0,0.0,0.0,0,0,12,1,12.0,78000.0,0.0,0.0,0.0026988636363636,0.6666666666666666,0.6666666666666666,3,std_ie_s,545.3837425935571,0.5,0,0,0,0,1,1,0,2,-0.0404909027372684,1,0.8357947549330061,1,0.6666666666666666,0.7343179019732025,1
85490,85490,12,2015-06-21 07:33:22.737,2015-06-21 07:59:19.345,88,1,2,10,0,2,2,1,0,0.8333333332638889,0.0,0,0,0,1,12.0,13920.0,13920.0,0.0,0.001635101010101,0.5,0.8333333333333334,10,min_ie_s,0.125,0.9166666666666666,0,0,0,0,1,1,0,2,-0.0388191560157799,1,0.8327317521193895,1,0.6666666666666666,0.7330927008477558,1
85490,85490,12,2015-06-21 07:33:22.737,2015-06-21 07:59:19.345,88,1,2,10,0,2,2,1,0,0.8333333332638889,0.0,0,0,0,1,12.0,13920.0,13920.0,0.0,0.001635101010101,0.5,0.8333333333333334,10,median_ie_s,0.265,0.9166666666666666,0,0,0,0,1,1,0,2,-0.0388191560157799,1,0.8327317521193895,1,0.6666666666666666,0.7330927008477558,1
85490,85490,12,2015-06-21 07:33:22.737,2015-06-21 07:59:19.345,88,1,2,10,0,2,2,1,0,0.8333333332638889,0.0,0,0,0,1,12.0,13920.0,13920.0,0.0,0.001635101010101,0.5,0.8333333333333334,10,std_ie_s,410.3543846404024,0.9166666666666666,0,0,0,0,1,1,0,2,-0.0388191560157799,1,0.8327317521193895,1,0.6666666666666666,0.7330927008477558,1
642550,642550,11,2015-08-20 19:30:39.490,2015-08-20 19:35:38.401,28,1,11,0,0,1,1,0,0,0.0,0.0,0,0,11,1,11.0,0.0,0.0,0.0,0.0003425925925925,0.6363636363636364,0.9090909090909092,5,min_ie_s,0.031,0.0,0,0,0,0,1,1,0,2,-0.0384065943326212,1,0.8319758495774183,1,0.6666666666666666,0.7327903398309673,1
642550,642550,11,2015-08-20 19:30:39.490,2015-08-20 19:35:38.401,28,1,11,0,0,1,1,0,0,0.0,0.0,0,0,11,1,11.0,0.0,0.0,0.0,0.0003425925925925,0.6363636363636364,0.9090909090909092,5,median_ie_s,0.187,0.0,0,0,0,0,1,1,0,2,-0.0384065943326212,1,0.8319758495774183,1,0.6666666666666666,0.7327903398309673,1
642550,642550,11,2015-08-20 19:30:39.490,2015-08-20 19:35:38.401,28,1,11,0,0,1,1,0,0,0.0,0.0,0,0,11,1,11.0,0.0,0.0,0.0,0.0003425925925925,0.6363636363636364,0.9090909090909092,5,std_ie_s,68.93854181145697,0.0,0,0,0,0,1,1,0,2,-0.0384065943326212,1,0.8319758495774183,1,0.6666666666666666,0.7327903398309673,1
203977,203977,11,2015-05-27 14:32:30.434,2015-05-27 17:07:33.644,113,1,3,8,0,2,1,1,0,0.7272727272066115,0.0,0,0,0,1,11.0,0.0,5160.0,0.0,0.0107627314814814,0.5454545454545454,0.8181818181818182,8,min_ie_s,0.0,0.7272727272727273,0,0,0,0,1,1,0,2,-0.0295042660694972,1,0.8156648521235648,1,0.6666666666666666,0.7262659408494259,1
203977,203977,11,2015-05-27 14:32:30.434,2015-05-27 17:07:33.644,113,1,3,8,0,2,1,1,0,0.7272727272066115,0.0,0,0,0,1,11.0,0.0,5160.0,0.0,0.0107627314814814,0.5454545454545454,0.8181818181818182,8,median_ie_s,0.9225,0.7272727272727273,0,0,0,0,1,1,0,2,-0.0295042660694972,1,0.8156648521235648,1,0.6666666666666666,0.7262659408494259,1
203977,203977,11,2015-05-27 14:32:30.434,2015-05-27 17:07:33.644,113,1,3,8,0,2,1,1,0,0.7272727272066115,0.0,0,0,0,1,11.0,0.0,5160.0,0.0,0.0107627314814814,0.5454545454545454,0.8181818181818182,8,std_ie_s,1868.1008338674333,0.7272727272727273,0,0,0,0,1,1,0,2,-0.0295042660694972,1,0.8156648521235648,1,0.6666666666666666,0.7262659408494259,1
437379,437379,10,2015-05-12 18:39:24.137,2015-05-12 18:43:41.762,128,1,2,8,0,3,2,1,0,0.79999999992,0.0,0,0,0,1,10.0,0.0,39000.0,0.0,0.0003279320987654,0.6,0.6,7,min_ie_s,0.006,0.8,0,0,0,0,1,1,0,2,-0.0232512630032299,1,0.8042079934144439,1,0.6666666666666666,0.7216831973657776,1
437379,437379,10,2015-05-12 18:39:24.137,2015-05-12 18:43:41.762,128,1,2,8,0,3,2,1,0,0.79999999992,0.0,0,0,0,1,10.0,0.0,39000.0,0.0,0.0003279320987654,0.6,0.6,7,median_ie_s,0.235,0.8,0,0,0,0,1,1,0,2,-0.0232512630032299,1,0.8042079934144439,1,0.6666666666666666,0.7216831973657776,1
437379,437379,10,2015-05-12 18:39:24.137,2015-05-12 18:43:41.762,128,1,2,8,0,3,2,1,0,0.79999999992,0.0,0,0,0,1,10.0,0.0,39000.0,0.0,0.0003279320987654,0.6,0.6,7,std_ie_s,51.26655589931684,0.8,0,0,0,0,1,1,0,2,-0.0232512630032299,1,0.8042079934144439,1,0.6666666666666666,0.7216831973657776,1
828308,828308,24,2015-06-19 18:24:43.501,2015-06-19 20:28:22.937,90,1,22,1,3,3,3,1,1,0.0416666666649305,0.1249999999947916,0,0,0,1,24.0,37090.90909090909,49560.0,49560.0,0.0034314814814814,0.6153846153846154,0.8461538461538461,6,min_ie_s,0.062,1.0,0,0,0,0,1,1,0,2,-0.0216921180508965,1,0.8013513014799258,1,0.6666666666666666,0.7205405205919704,1
828308,828308,24,2015-06-19 18:24:43.501,2015-06-19 20:28:22.937,90,1,22,1,3,3,3,1,1,0.0416666666649305,0.1249999999947916,0,0,0,1,24.0,37090.90909090909,49560.0,49560.0,0.0034314814814814,0.6153846153846154,0.8461538461538461,6,median_ie_s,0.125,1.0,0,0,0,0,1,1,0,2,-0.0216921180508965,1,0.8013513014799258,1,0.6666666666666666,0.7205405205919704,1
828308,828308,24,2015-06-19 18:24:43.501,2015-06-19 20:28:22.937,90,1,22,1,3,3,3,1,1,0.0416666666649305,0.1249999999947916,0,0,0,1,24.0,37090.90909090909,49560.0,49560.0,0.0034314814814814,0.6153846153846154,0.8461538461538461,6,std_ie_s,1120.9289213964669,1.0,0,0,0,0,1,1,0,2,-0.0216921180508965,1,0.8013513014799258,1,0.6666666666666666,0.7205405205919704,1
1380078,1380078,5,2015-08-30 20:25:37.305,2015-08-30 20:26:11.649,18,1,1,4,0,2,1,1,0,0.79999999984,0.0,0,0,5,1,5.0,0.0,27360.0,0.0,9.548611111111112e-05,0.6,0.6,4,min_ie_s,0.046,0.8,0,0,0,0,1,1,0,2,-0.0208858568984752,1,0.7998740560655144,1,0.6666666666666666,0.7199496224262057,1
1380078,1380078,5,2015-08-30 20:25:37.305,2015-08-30 20:26:11.649,18,1,1,4,0,2,1,1,0,0.79999999984,0.0,0,0,5,1,5.0,0.0,27360.0,0.0,9.548611111111112e-05,0.6,0.6,4,median_ie_s,0.2035,0.8,0,0,0,0,1,1,0,2,-0.0208858568984752,1,0.7998740560655144,1,0.6666666666666666,0.7199496224262057,1
1380078,1380078,5,2015-08-30 20:25:37.305,2015-08-30 20:26:11.649,18,1,1,4,0,2,1,1,0,0.79999999984,0.0,0,0,5,1,5.0,0.0,27360.0,0.0,9.548611111111112e-05,0.6,0.6,4,std_ie_s,14.610139646834318,0.8,0,0,0,0,1,1,0,2,-0.0208858568984752,1,0.7998740560655144,1,0.6666666666666666,0.7199496224262057,1
1134589,1134589,19,2015-08-31 18:34:12.777,2015-09-03 07:38:56.569,14,3,19,0,0,1,1,0,0,0.0,0.0,0,0,19,3,6.333333333333333,0.0,0.0,0.0,0.1413824588477366,0.5263157894736842,0.9473684210526316,3,min_ie_s,0.049,0.0,0,0,0,0,1,1,0,2,-0.0149878030164866,1,0.7890675412967535,1,0.6666666666666666,0.7156270165187013,1
1134589,1134589,19,2015-08-31 18:34:12.777,2015-09-03 07:38:56.569,14,3,19,0,0,1,1,0,0,0.0,0.0,0,0,19,3,6.333333333333333,0.0,0.0,0.0,0.1413824588477366,0.5263157894736842,0.9473684210526316,3,median_ie_s,0.475,0.0,0,0,0,0,1,1,0,2,-0.0149878030164866,1,0.7890675412967535,1,0.6666666666666666,0.7156270165187013,1
1134589,1134589,19,2015-08-31 18:34:12.777,2015-09-03 07:38:56.569,14,3,19,0,0,1,1,0,0,0.0,0.0,0,0,19,3,6.333333333333333,0.0,0.0,0.0,0.1413824588477366,0.5263157894736842,0.9473684210526316,3,std_ie_s,30119.57113654307,0.0,0,0,0,0,1,1,0,2,-0.0149878030164866,1,0.7890675412967535,1,0.6666666666666666,0.7156270165187013,1
513176,513176,10,2015-06-12 04:32:05.837,2015-06-12 04:54:02.293,97,1,4,6,0,3,3,1,0,0.59999999994,0.0,0,0,0,1,10.0,175890.0,165000.0,0.0,0.0016885288065843,0.5,0.6,6,min_ie_s,0.015,1.0,0,0,0,0,1,1,0,2,-0.0146289317703406,1,0.788410011287846,1,0.6666666666666666,0.7153640045151384,1
513176,513176,10,2015-06-12 04:32:05.837,2015-06-12 04:54:02.293,97,1,4,6,0,3,3,1,0,0.59999999994,0.0,0,0,0,1,10.0,175890.0,165000.0,0.0,0.0016885288065843,0.5,0.6,6,median_ie_s,0.33,1.0,0,0,0,0,1,1,0,2,-0.0146289317703406,1,0.788410011287846,1,0.6666666666666666,0.7153640045151384,1
513176,513176,10,2015-06-12 04:32:05.837,2015-06-12 04:54:02.293,97,1,4,6,0,3,3,1,0,0.59999999994,0.0,0,0,0,1,10.0,175890.0,165000.0,0.0,0.0016885288065843,0.5,0.6,6,std_ie_s,236.1039308225861,1.0,0,0,0,0,1,1,0,2,-0.0146289317703406,1,0.788410011287846,1,0.6666666666666666,0.7153640045151384,1
1039036,1039036,10,2015-07-07 09:21:40.140,2015-07-07 09:46:46.539,72,1,5,5,0,1,1,1,0,0.49999999995,0.0,0,0,0,1,10.0,32520.0,32520.0,0.0,0.0019328703703703,0.5,0.9,4,min_ie_s,0.016,1.0,0,0,0,0,1,1,0,2,-0.0126145201631461,1,0.7847191720349209,1,0.6666666666666666,0.7138876688139684,1
1039036,1039036,10,2015-07-07 09:21:40.140,2015-07-07 09:46:46.539,72,1,5,5,0,1,1,1,0,0.49999999995,0.0,0,0,0,1,10.0,32520.0,32520.0,0.0,0.0019328703703703,0.5,0.9,4,median_ie_s,0.938,1.0,0,0,0,0,1,1,0,2,-0.0126145201631461,1,0.7847191720349209,1,0.6666666666666666,0.7138876688139684,1
1039036,1039036,10,2015-07-07 09:21:40.140,2015-07-07 09:46:46.539,72,1,5,5,0,1,1,1,0,0.49999999995,0.0,0,0,0,1,10.0,32520.0,32520.0,0.0,0.0019328703703703,0.5,0.9,4,std_ie_s,323.4840959075285,1.0,0,0,0,0,1,1,0,2,-0.0126145201631461,1,0.7847191720349209,1,0.6666666666666666,0.7138876688139684,1
494392,494392,19,2015-08-09 11:13:18.282,2015-09-01 04:21:26.311,16,23,19,0,0,4,4,0,0,0.0,0.0,0,0,13,3,6.333333333333333,18600.0,0.0,0.0,1.2618846450617285,0.631578947368421,0.7894736842105263,11,min_ie_s,0.01,0.1052631578947368,0,0,0,0,1,1,0,2,-0.0094586016787746,1,0.7789368444413204,1,0.6666666666666666,0.7115747377765281,1
494392,494392,19,2015-08-09 11:13:18.282,2015-09-01 04:21:26.311,16,23,19,0,0,4,4,0,0,0.0,0.0,0,0,13,3,6.333333333333333,18600.0,0.0,0.0,1.2618846450617285,0.631578947368421,0.7894736842105263,11,median_ie_s,0.211,0.1052631578947368,0,0,0,0,1,1,0,2,-0.0094586016787746,1,0.7789368444413204,1,0.6666666666666666,0.7115747377765281,1
494392,494392,19,2015-08-09 11:13:18.282,2015-09-01 04:21:26.311,16,23,19,0,0,4,4,0,0,0.0,0.0,0,0,13,3,6.333333333333333,18600.0,0.0,0.0,1.2618846450617285,0.631578947368421,0.7894736842105263,11,std_ie_s,310705.70305248164,0.1052631578947368,0,0,0,0,1,1,0,2,-0.0094586016787746,1,0.7789368444413204,1,0.6666666666666666,0.7115747377765281,1
375359,375359,2,2015-09-11 04:29:29.241,2015-09-11 04:29:29.494,6,1,0,2,0,1,0,1,0,0.9999999995,0.0,2,2,2,1,2.0,0.0,80040.0,0.0,0.0,0.5,0.5,2,min_ie_s,0.253,1.0,0,0,0,0,1,1,0,2,-0.0079134038871111,1,0.7761057067321073,1,0.6666666666666666,0.7104422826928429,1
375359,375359,2,2015-09-11 04:29:29.241,2015-09-11 04:29:29.494,6,1,0,2,0,1,0,1,0,0.9999999995,0.0,2,2,2,1,2.0,0.0,80040.0,0.0,0.0,0.5,0.5,2,median_ie_s,0.253,1.0,0,0,0,0,1,1,0,2,-0.0079134038871111,1,0.7761057067321073,1,0.6666666666666666,0.7104422826928429,1
375359,375359,2,2015-09-11 04:29:29.241,2015-09-11 04:29:29.494,6,1,0,2,0,1,0,1,0,0.9999999995,0.0,2,2,2,1,2.0,0.0,80040.0,0.0,0.0,0.5,0.5,2,std_ie_s,0.0,1.0,0,0,0,0,1,1,0,2,-0.0079134038871111,1,0.7761057067321073,1,0.6666666666666666,0.7104422826928429,1
868895,868895,2,2015-09-14 17:05:21.027,2015-09-14 17:05:21.202,3,1,0,2,0,1,0,1,0,0.9999999995,0.0,2,2,2,1,2.0,0.0,125880.0,0.0,0.0,0.5,0.5,2,min_ie_s,0.175,1.0,0,0,0,0,1,1,0,2,-0.0079134038871111,1,0.7761057067321073,1,0.6666666666666666,0.7104422826928429,1
868895,868895,2,2015-09-14 17:05:21.027,2015-09-14 17:05:21.202,3,1,0,2,0,1,0,1,0,0.9999999995,0.0,2,2,2,1,2.0,0.0,125880.0,0.0,0.0,0.5,0.5,2,median_ie_s,0.175,1.0,0,0,0,0,1,1,0,2,-0.0079134038871111,1,0.7761057067321073,1,0.6666666666666666,0.7104422826928429,1
868895,868895,2,2015-09-14 17:05:21.027,2015-09-14 17:05:21.202,3,1,0,2,0,1,0,1,0,0.9999999995,0.0,2,2,2,1,2.0,0.0,125880.0,0.0,0.0,0.5,0.5,2,std_ie_s,0.0,1.0,0,0,0,0,1,1,0,2,-0.0079134038871111,1,0.7761057067321073,1,0.6666666666666666,0.7104422826928429,1
1133126,1133126,2,2015-09-11 05:16:31.509,2015-09-11 05:16:31.535,6,1,0,2,0,1,0,1,0,0.9999999995,0.0,2,2,2,1,2.0,0.0,234120.0,0.0,0.0,0.5,0.5,2,min_ie_s,0.026,1.0,0,0,0,0,1,1,0,2,-0.0079134038871111,1,0.7761057067321073,1,0.6666666666666666,0.7104422826928429,1
1133126,1133126,2,2015-09-11 05:16:31.509,2015-09-11 05:16:31.535,6,1,0,2,0,1,0,1,0,0.9999999995,0.0,2,2,2,1,2.0,0.0,234120.0,0.0,0.0,0.5,0.5,2,median_ie_s,0.026,1.0,0,0,0,0,1,1,0,2,-0.0079134038871111,1,0.7761057067321073,1,0.6666666666666666,0.7104422826928429,1
1133126,1133126,2,2015-09-11 05:16:31.509,2015-09-11 05:16:31.535,6,1,0,2,0,1,0,1,0,0.9999999995,0.0,2,2,2,1,2.0,0.0,234120.0,0.0,0.0,0.5,0.5,2,std_ie_s,0.0,1.0,0,0,0,0,1,1,0,2,-0.0079134038871111,1,0.7761057067321073,1,0.6666666666666666,0.7104422826928429,1
1262140,1262140,2,2015-09-11 15:49:00.707,2015-09-11 15:49:00.800,6,1,0,2,0,1,0,1,0,0.9999999995,0.0,2,2,2,1,2.0,0.0,141756.0,0.0,0.0,0.5,0.5,2,min_ie_s,0.093,1.0,0,0,0,0,1,1,0,2,-0.0079134038871111,1,0.7761057067321073,1,0.6666666666666666,0.7104422826928429,1
1262140,1262140,2,2015-09-11 15:49:00.707,2015-09-11 15:49:00.800,6,1,0,2,0,1,0,1,0,0.9999999995,0.0,2,2,2,1,2.0,0.0,141756.0,0.0,0.0,0.5,0.5,2,median_ie_s,0.093,1.0,0,0,0,0,1,1,0,2,-0.0079134038871111,1,0.7761057067321073,1,0.6666666666666666,0.7104422826928429,1
1262140,1262140,2,2015-09-11 15:49:00.707,2015-09-11 15:49:00.800,6,1,0,2,0,1,0,1,0,0.9999999995,0.0,2,2,2,1,2.0,0.0,141756.0,0.0,0.0,0.5,0.5,2,std_ie_s,0.0,1.0,0,0,0,0,1,1,0,2,-0.0079134038871111,1,0.7761057067321073,1,0.6666666666666666,0.7104422826928429,1
1046275,1046275,4,2015-09-04 17:48:02.248,2015-09-04 17:48:04.434,13,1,0,4,0,1,0,1,0,0.99999999975,0.0,0,4,4,1,4.0,0.0,16680.0,0.0,0.0,0.75,0.75,4,min_ie_s,0.424,1.0,0,0,0,0,1,1,0,2,-0.0049762113708533,1,0.770724132582274,1,0.6666666666666666,0.7082896530329096,1
1046275,1046275,4,2015-09-04 17:48:02.248,2015-09-04 17:48:04.434,13,1,0,4,0,1,0,1,0,0.99999999975,0.0,0,4,4,1,4.0,0.0,16680.0,0.0,0.0,0.75,0.75,4,median_ie_s,0.857,1.0,0,0,0,0,1,1,0,2,-0.0049762113708533,1,0.770724132582274,1,0.6666666666666666,0.7082896530329096,1
1046275,1046275,4,2015-09-04 17:48:02.248,2015-09-04 17:48:04.434,13,1,0,4,0,1,0,1,0,0.99999999975,0.0,0,4,4,1,4.0,0.0,16680.0,0.0,0.0,0.75,0.75,4,std_ie_s,0.216321263145556,1.0,0,0,0,0,1,1,0,2,-0.0049762113708533,1,0.770724132582274,1,0.6666666666666666,0.7082896530329096,1
561159,561159,7,2015-08-22 00:13:09.459,2015-08-22 01:23:54.014,27,1,7,0,0,1,1,0,0,0.0,0.0,0,0,7,1,7.0,63120.0,0.0,0.0,0.008184799382716,0.5714285714285714,0.8571428571428571,6,min_ie_s,0.063,1.0,0,0,0,0,1,1,0,2,-0.0004991122942399,1,0.7625211154073417,1,0.6666666666666666,0.7050084461629367,1
561159,561159,7,2015-08-22 00:13:09.459,2015-08-22 01:23:54.014,27,1,7,0,0,1,1,0,0,0.0,0.0,0,0,7,1,7.0,63120.0,0.0,0.0,0.008184799382716,0.5714285714285714,0.8571428571428571,6,median_ie_s,0.204,1.0,0,0,0,0,1,1,0,2,-0.0004991122942399,1,0.7625211154073417,1,0.6666666666666666,0.7050084461629367,1
561159,561159,7,2015-08-22 00:13:09.459,2015-08-22 01:23:54.014,27,1,7,0,0,1,1,0,0,0.0,0.0,0,0,7,1,7.0,63120.0,0.0,0.0,0.008184799382716,0.5714285714285714,0.8571428571428571,6,std_ie_s,1578.685857652013,1.0,0,0,0,0,1,1,0,2,-0.0004991122942399,1,0.7625211154073417,1,0.6666666666666666,0.7050084461629367,1
617217,617217,4,2015-09-11 18:28:57.329,2015-09-11 18:29:00.497,6,1,4,0,0,2,2,0,0,0.0,0.0,4,4,4,1,4.0,21900.0,0.0,0.0,3.858024691358025e-06,0.5,0.5,3,min_ie_s,0.716,1.0,0,0,0,0,1,1,0,2,0.0,0,0.7616066333617563,1,0.6666666666666666,0.7046426533447026,1
617217,617217,4,2015-09-11 18:28:57.329,2015-09-11 18:29:00.497,6,1,4,0,0,2,2,0,0,0.0,0.0,4,4,4,1,4.0,21900.0,0.0,0.0,3.858024691358025e-06,0.5,0.5,3,median_ie_s,0.982,1.0,0,0,0,0,1,1,0,2,0.0,0,0.7616066333617563,1,0.6666666666666666,0.7046426533447026,1
617217,617217,4,2015-09-11 18:28:57.329,2015-09-11 18:29:00.497,6,1,4,0,0,2,2,0,0,0.0,0.0,4,4,4,1,4.0,21900.0,0.0,0.0,3.858024691358025e-06,0.5,0.5,3,std_ie_s,0.3122349542678825,1.0,0,0,0,0,1,1,0,2,0.0,0,0.7616066333617563,1,0.6666666666666666,0.7046426533447026,1
889336,889336,4,2015-09-12 17:45:04.184,2015-09-12 17:45:04.504,5,1,4,0,0,1,1,0,0,0.0,0.0,4,4,4,1,4.0,0.0,0.0,0.0,0.0,0.75,0.75,4,min_ie_s,0.059,0.0,0,0,0,0,1,1,0,2,0.0,0,0.7616066333617563,1,0.6666666666666666,0.7046426533447026,1
889336,889336,4,2015-09-12 17:45:04.184,2015-09-12 17:45:04.504,5,1,4,0,0,1,1,0,0,0.0,0.0,4,4,4,1,4.0,0.0,0.0,0.0,0.0,0.75,0.75,4,median_ie_s,0.076,0.0,0,0,0,0,1,1,0,2,0.0,0,0.7616066333617563,1,0.6666666666666666,0.7046426533447026,1
889336,889336,4,2015-09-12 17:45:04.184,2015-09-12 17:45:04.504,5,1,4,0,0,1,1,0,0,0.0,0.0,4,4,4,1,4.0,0.0,0.0,0.0,0.0,0.75,0.75,4,std_ie_s,0.0558231333966682,0.0,0,0,0,0,1,1,0,2,0.0,0,0.7616066333617563,1,0.6666666666666666,0.7046426533447026,1
1041974,1041974,4,2015-09-14 16:59:34.060,2015-09-14 17:17:57.307,3,1,4,0,0,1,1,0,0,0.0,0.0,4,4,4,1,4.0,312000.0,0.0,0.0,0.0042554012345679,0.5,0.75,2,min_ie_s,0.062,1.0,0,0,0,0,1,1,0,2,0.0,0,0.7616066333617563,1,0.6666666666666666,0.7046426533447026,1
1041974,1041974,4,2015-09-14 16:59:34.060,2015-09-14 17:17:57.307,3,1,4,0,0,1,1,0,0,0.0,0.0,4,4,4,1,4.0,312000.0,0.0,0.0,0.0042554012345679,0.5,0.75,2,median_ie_s,0.078,1.0,0,0,0,0,1,1,0,2,0.0,0,0.7616066333617563,1,0.6666666666666666,0.7046426533447026,1
1041974,1041974,4,2015-09-14 16:59:34.060,2015-09-14 17:17:57.307,3,1,4,0,0,1,1,0,0,0.0,0.0,4,4,4,1,4.0,312000.0,0.0,0.0,0.0042554012345679,0.5,0.75,2,std_ie_s,519.9766284408047,1.0,0,0,0,0,1,1,0,2,0.0,0,0.7616066333617563,1,0.6666666666666666,0.7046426533447026,1
1195336,1195336,3,2015-09-02 07:40:49.853,2015-09-02 07:40:50.777,15,1,0,3,0,1,0,1,0,0.9999999996666666,0.0,0,0,3,1,3.0,0.0,0.0,0.0,0.0,0.6666666666666666,0.6666666666666666,3,min_ie_s,0.175,0.0,0,0,0,0,1,1,0,2,0.0101979087327893,0,0.742921851307136,1,0.6666666666666666,0.6971687405228544,1
1195336,1195336,3,2015-09-02 07:40:49.853,2015-09-02 07:40:50.777,15,1,0,3,0,1,0,1,0,0.9999999996666666,0.0,0,0,3,1,3.0,0.0,0.0,0.0,0.0,0.6666666666666666,0.6666666666666666,3,median_ie_s,0.4619999999999999,0.0,0,0,0,0,1,1,0,2,0.0101979087327893,0,0.742921851307136,1,0.6666666666666666,0.6971687405228544,1
1195336,1195336,3,2015-09-02 07:40:49.853,2015-09-02 07:40:50.777,15,1,0,3,0,1,0,1,0,0.9999999996666666,0.0,0,0,3,1,3.0,0.0,0.0,0.0,0.0,0.6666666666666666,0.6666666666666666,3,std_ie_s,0.287,0.0,0,0,0,0,1,1,0,2,0.0101979087327893,0,0.742921851307136,1,0.6666666666666666,0.6971687405228544,1
208863,208863,5,2015-07-27 19:04:29.060,2015-07-27 19:04:59.327,52,1,1,4,0,1,1,1,0,0.79999999984,0.0,0,0,0,1,5.0,22920.0,22920.0,0.0,8.680555555555556e-05,0.6,0.8,5,min_ie_s,0.015,1.0,0,0,0,0,1,1,0,2,0.0151893705881586,0,0.7337764098891664,1,0.6666666666666666,0.6935105639556665,1
208863,208863,5,2015-07-27 19:04:29.060,2015-07-27 19:04:59.327,52,1,1,4,0,1,1,1,0,0.79999999984,0.0,0,0,0,1,5.0,22920.0,22920.0,0.0,8.680555555555556e-05,0.6,0.8,5,median_ie_s,0.016,1.0,0,0,0,0,1,1,0,2,0.0151893705881586,0,0.7337764098891664,1,0.6666666666666666,0.6935105639556665,1
208863,208863,5,2015-07-27 19:04:29.060,2015-07-27 19:04:59.327,52,1,1,4,0,1,1,1,0,0.79999999984,0.0,0,0,0,1,5.0,22920.0,22920.0,0.0,8.680555555555556e-05,0.6,0.8,5,std_ie_s,13.078859991891497,1.0,0,0,0,0,1,1,0,2,0.0151893705881586,0,0.7337764098891664,1,0.6666666666666666,0.6935105639556665,1
283162,283162,4,2015-09-03 15:30:33.521,2015-09-03 15:31:16.664,14,1,2,2,0,2,2,1,0,0.499999999875,0.0,0,0,4,1,4.0,99000.0,99000.0,0.0,0.000162037037037,0.5,0.5,3,min_ie_s,0.0,1.0,0,0,0,0,1,1,0,2,0.0163923909797358,0,0.7315722154398073,1,0.6666666666666666,0.6926288861759229,1
283162,283162,4,2015-09-03 15:30:33.521,2015-09-03 15:31:16.664,14,1,2,2,0,2,2,1,0,0.499999999875,0.0,0,0,4,1,4.0,99000.0,99000.0,0.0,0.000162037037037,0.5,0.5,3,median_ie_s,0.471,1.0,0,0,0,0,1,1,0,2,0.0163923909797358,0,0.7315722154398073,1,0.6666666666666666,0.6926288861759229,1
283162,283162,4,2015-09-03 15:30:33.521,2015-09-03 15:31:16.664,14,1,2,2,0,2,2,1,0,0.499999999875,0.0,0,0,4,1,4.0,99000.0,99000.0,0.0,0.000162037037037,0.5,0.5,3,std_ie_s,20.00568204285972,1.0,0,0,0,0,1,1,0,2,0.0163923909797358,0,0.7315722154398073,1,0.6666666666666666,0.6926288861759229,1
275448,275448,2,2015-09-15 12:56:44.814,2015-09-15 12:56:45.706,2,1,1,1,0,1,1,1,0,0.49999999975,0.0,2,2,2,1,2.0,0.0,0.0,0.0,0.0,0.5,0.5,2,min_ie_s,0.892,0.0,0,0,0,0,1,1,0,2,0.0181858366271345,0,0.7282862337815574,1,0.6666666666666666,0.691314493512623,1
275448,275448,2,2015-09-15 12:56:44.814,2015-09-15 12:56:45.706,2,1,1,1,0,1,1,1,0,0.49999999975,0.0,2,2,2,1,2.0,0.0,0.0,0.0,0.0,0.5,0.5,2,median_ie_s,0.892,0.0,0,0,0,0,1,1,0,2,0.0181858366271345,0,0.7282862337815574,1,0.6666666666666666,0.691314493512623,1
275448,275448,2,2015-09-15 12:56:44.814,2015-09-15 12:56:45.706,2,1,1,1,0,1,1,1,0,0.49999999975,0.0,2,2,2,1,2.0,0.0,0.0,0.0,0.0,0.5,0.5,2,std_ie_s,0.0,0.0,0,0,0,0,1,1,0,2,0.0181858366271345,0,0.7282862337815574,1,0.6666666666666666,0.691314493512623,1
1085686,1085686,2,2015-09-12 19:00:40.652,2015-09-12 19:00:41.549,5,1,1,1,0,1,1,1,0,0.49999999975,0.0,2,2,2,1,2.0,248400.0,248400.0,0.0,0.0,0.5,0.5,2,min_ie_s,0.897,1.0,0,0,0,0,1,1,0,2,0.0181858366271345,0,0.7282862337815574,1,0.6666666666666666,0.691314493512623,1
1085686,1085686,2,2015-09-12 19:00:40.652,2015-09-12 19:00:41.549,5,1,1,1,0,1,1,1,0,0.49999999975,0.0,2,2,2,1,2.0,248400.0,248400.0,0.0,0.0,0.5,0.5,2,median_ie_s,0.897,1.0,0,0,0,0,1,1,0,2,0.0181858366271345,0,0.7282862337815574,1,0.6666666666666666,0.691314493512623,1
1085686,1085686,2,2015-09-12 19:00:40.652,2015-09-12 19:00:41.549,5,1,1,1,0,1,1,1,0,0.49999999975,0.0,2,2,2,1,2.0,248400.0,248400.0,0.0,0.0,0.5,0.5,2,std_ie_s,0.0,1.0,0,0,0,0,1,1,0,2,0.0181858366271345,0,0.7282862337815574,1,0.6666666666666666,0.691314493512623,1
1399560,1399560,35,2015-06-18 23:41:17.390,2015-06-18 23:44:44.693,91,1,35,0,0,2,2,0,0,0.0,0.0,0,0,0,1,35.0,76680.0,0.0,0.0,6.774237472766885e-05,0.5714285714285714,0.9428571428571428,19,min_ie_s,0.014,1.0,0,0,0,0,1,1,0,2,0.0220856376160959,0,0.7211409519944352,1,0.6666666666666666,0.688456380797774,1
1399560,1399560,35,2015-06-18 23:41:17.390,2015-06-18 23:44:44.693,91,1,35,0,0,2,2,0,0,0.0,0.0,0,0,0,1,35.0,76680.0,0.0,0.0,6.774237472766885e-05,0.5714285714285714,0.9428571428571428,19,median_ie_s,0.4255,1.0,0,0,0,0,1,1,0,2,0.0220856376160959,0,0.7211409519944352,1,0.6666666666666666,0.688456380797774,1
1399560,1399560,35,2015-06-18 23:41:17.390,2015-06-18 23:44:44.693,91,1,35,0,0,2,2,0,0,0.0,0.0,0,0,0,1,35.0,76680.0,0.0,0.0,6.774237472766885e-05,0.5714285714285714,0.9428571428571428,19,std_ie_s,22.29968793125399,1.0,0,0,0,0,1,1,0,2,0.0220856376160959,0,0.7211409519944352,1,0.6666666666666666,0.688456380797774,1
1399,1399,2,2015-05-10 22:07:31.393,2015-05-10 22:07:31.708,130,1,0,2,0,1,0,1,0,0.9999999995,0.0,0,0,0,1,2.0,0.0,24000.0,0.0,0.0,0.5,0.5,2,min_ie_s,0.315,1.0,0,0,0,0,1,1,0,2,0.0232046915924316,0,0.7190906022410627,1,0.6666666666666666,0.687636240896425,1
1399,1399,2,2015-05-10 22:07:31.393,2015-05-10 22:07:31.708,130,1,0,2,0,1,0,1,0,0.9999999995,0.0,0,0,0,1,2.0,0.0,24000.0,0.0,0.0,0.5,0.5,2,median_ie_s,0.315,1.0,0,0,0,0,1,1,0,2,0.0232046915924316,0,0.7190906022410627,1,0.6666666666666666,0.687636240896425,1
1399,1399,2,2015-05-10 22:07:31.393,2015-05-10 22:07:31.708,130,1,0,2,0,1,0,1,0,0.9999999995,0.0,0,0,0,1,2.0,0.0,24000.0,0.0,0.0,0.5,0.5,2,std_ie_s,0.0,1.0,0,0,0,0,1,1,0,2,0.0232046915924316,0,0.7190906022410627,1,0.6666666666666666,0.687636240896425,1
29570,29570,2,2015-06-02 09:41:31.069,2015-06-02 09:41:31.449,107,1,0,2,0,1,0,1,0,0.9999999995,0.0,0,0,0,1,2.0,0.0,8400.0,0.0,0.0,0.5,0.5,2,min_ie_s,0.38,1.0,0,0,0,0,1,1,0,2,0.0232046915924316,0,0.7190906022410627,1,0.6666666666666666,0.687636240896425,1
29570,29570,2,2015-06-02 09:41:31.069,2015-06-02 09:41:31.449,107,1,0,2,0,1,0,1,0,0.9999999995,0.0,0,0,0,1,2.0,0.0,8400.0,0.0,0.0,0.5,0.5,2,median_ie_s,0.38,1.0,0,0,0,0,1,1,0,2,0.0232046915924316,0,0.7190906022410627,1,0.6666666666666666,0.687636240896425,1
29570,29570,2,2015-06-02 09:41:31.069,2015-06-02 09:41:31.449,107,1,0,2,0,1,0,1,0,0.9999999995,0.0,0,0,0,1,2.0,0.0,8400.0,0.0,0.0,0.5,0.5,2,std_ie_s,0.0,1.0,0,0,0,0,1,1,0,2,0.0232046915924316,0,0.7190906022410627,1,0.6666666666666666,0.687636240896425,1
95853,95853,2,2015-06-11 18:13:12.687,2015-06-11 18:13:12.937,98,1,0,2,0,1,0,1,0,0.9999999995,0.0,0,0,0,1,2.0,0.0,0.0,0.0,0.0,0.5,0.5,2,min_ie_s,0.25,0.0,0,0,0,0,1,1,0,2,0.0232046915924316,0,0.7190906022410627,1,0.6666666666666666,0.687636240896425,1
95853,95853,2,2015-06-11 18:13:12.687,2015-06-11 18:13:12.937,98,1,0,2,0,1,0,1,0,0.9999999995,0.0,0,0,0,1,2.0,0.0,0.0,0.0,0.0,0.5,0.5,2,median_ie_s,0.25,0.0,0,0,0,0,1,1,0,2,0.0232046915924316,0,0.7190906022410627,1,0.6666666666666666,0.687636240896425,1
95853,95853,2,2015-06-11 18:13:12.687,2015-06-11 18:13:12.937,98,1,0,2,0,1,0,1,0,0.9999999995,0.0,0,0,0,1,2.0,0.0,0.0,0.0,0.0,0.5,0.5,2,std_ie_s,0.0,0.0,0,0,0,0,1,1,0,2,0.0232046915924316,0,0.7190906022410627,1,0.6666666666666666,0.687636240896425,1
126552,126552,2,2015-07-21 20:49:15.255,2015-07-21 20:49:15.318,58,1,0,2,0,1,0,1,0,0.9999999995,0.0,0,0,0,1,2.0,0.0,212280.0,0.0,0.0,0.5,0.5,2,min_ie_s,0.063,1.0,0,0,0,0,1,1,0,2,0.0232046915924316,0,0.7190906022410627,1,0.6666666666666666,0.687636240896425,1
126552,126552,2,2015-07-21 20:49:15.255,2015-07-21 20:49:15.318,58,1,0,2,0,1,0,1,0,0.9999999995,0.0,0,0,0,1,2.0,0.0,212280.0,0.0,0.0,0.5,0.5,2,median_ie_s,0.063,1.0,0,0,0,0,1,1,0,2,0.0232046915924316,0,0.7190906022410627,1,0.6666666666666666,0.687636240896425,1
126552,126552,2,2015-07-21 20:49:15.255,2015-07-21 20:49:15.318,58,1,0,2,0,1,0,1,0,0.9999999995,0.0,0,0,0,1,2.0,0.0,212280.0,0.0,0.0,0.5,0.5,2,std_ie_s,0.0,1.0,0,0,0,0,1,1,0,2,0.0232046915924316,0,0.7190906022410627,1,0.6666666666666666,0.687636240896425,1
261437,261437,2,2015-07-16 05:23:18.863,2015-07-16 05:23:19.050,63,1,0,2,0,1,0,1,0,0.9999999995,0.0,0,0,0,1,2.0,0.0,216000.0,0.0,0.0,0.5,0.5,2,min_ie_s,0.187,1.0,0,0,0,0,1,1,0,2,0.0232046915924316,0,0.7190906022410627,1,0.6666666666666666,0.687636240896425,1
261437,261437,2,2015-07-16 05:23:18.863,2015-07-16 05:23:19.050,63,1,0,2,0,1,0,1,0,0.9999999995,0.0,0,0,0,1,2.0,0.0,216000.0,0.0,0.0,0.5,0.5,2,median_ie_s,0.187,1.0,0,0,0,0,1,1,0,2,0.0232046915924316,0,0.7190906022410627,1,0.6666666666666666,0.687636240896425,1
261437,261437,2,2015-07-16 05:23:18.863,2015-07-16 05:23:19.050,63,1,0,2,0,1,0,1,0,0.9999999995,0.0,0,0,0,1,2.0,0.0,216000.0,0.0,0.0,0.5,0.5,2,std_ie_s,0.0,1.0,0,0,0,0,1,1,0,2,0.0232046915924316,0,0.7190906022410627,1,0.6666666666666666,0.687636240896425,1
270054,270054,2,2015-06-29 21:20:37.391,2015-06-29 21:20:37.578,80,1,0,2,0,1,0,1,0,0.9999999995,0.0,0,0,0,1,2.0,0.0,1040640.0,0.0,0.0,0.5,0.5,2,min_ie_s,0.187,1.0,0,0,0,0,1,1,0,2,0.0232046915924316,0,0.7190906022410627,1,0.6666666666666666,0.687636240896425,1
270054,270054,2,2015-06-29 21:20:37.391,2015-06-29 21:20:37.578,80,1,0,2,0,1,0,1,0,0.9999999995,0.0,0,0,0,1,2.0,0.0,1040640.0,0.0,0.0,0.5,0.5,2,median_ie_s,0.187,1.0,0,0,0,0,1,1,0,2,0.0232046915924316,0,0.7190906022410627,1,0.6666666666666666,0.687636240896425,1
270054,270054,2,2015-06-29 21:20:37.391,2015-06-29 21:20:37.578,80,1,0,2,0,1,0,1,0,0.9999999995,0.0,0,0,0,1,2.0,0.0,1040640.0,0.0,0.0,0.5,0.5,2,std_ie_s,0.0,1.0,0,0,0,0,1,1,0,2,0.0232046915924316,0,0.7190906022410627,1,0.6666666666666666,0.687636240896425,1
296524,296524,2,2015-08-15 23:51:42.784,2015-08-15 23:51:42.912,33,1,0,2,0,1,0,1,0,0.9999999995,0.0,0,0,0,1,2.0,0.0,400200.0,0.0,0.0,0.5,0.5,2,min_ie_s,0.128,1.0,0,0,0,0,1,1,0,2,0.0232046915924316,0,0.7190906022410627,1,0.6666666666666666,0.687636240896425,1
296524,296524,2,2015-08-15 23:51:42.784,2015-08-15 23:51:42.912,33,1,0,2,0,1,0,1,0,0.9999999995,0.0,0,0,0,1,2.0,0.0,400200.0,0.0,0.0,0.5,0.5,2,median_ie_s,0.128,1.0,0,0,0,0,1,1,0,2,0.0232046915924316,0,0.7190906022410627,1,0.6666666666666666,0.687636240896425,1
296524,296524,2,2015-08-15 23:51:42.784,2015-08-15 23:51:42.912,33,1,0,2,0,1,0,1,0,0.9999999995,0.0,0,0,0,1,2.0,0.0,400200.0,0.0,0.0,0.5,0.5,2,std_ie_s,0.0,1.0,0,0,0,0,1,1,0,2,0.0232046915924316,0,0.7190906022410627,1,0.6666666666666666,0.687636240896425,1
345651,345651,2,2015-05-07 17:22:44.239,2015-05-07 17:22:44.364,133,1,0,2,0,1,0,1,0,0.9999999995,0.0,0,0,0,1,2.0,0.0,0.0,0.0,0.0,0.5,0.5,2,min_ie_s,0.125,0.0,0,0,0,0,1,1,0,2,0.0232046915924316,0,0.7190906022410627,1,0.6666666666666666,0.687636240896425,1
345651,345651,2,2015-05-07 17:22:44.239,2015-05-07 17:22:44.364,133,1,0,2,0,1,0,1,0,0.9999999995,0.0,0,0,0,1,2.0,0.0,0.0,0.0,0.0,0.5,0.5,2,median_ie_s,0.125,0.0,0,0,0,0,1,1,0,2,0.0232046915924316,0,0.7190906022410627,1,0.6666666666666666,0.687636240896425,1
345651,345651,2,2015-05-07 17:22:44.239,2015-05-07 17:22:44.364,133,1,0,2,0,1,0,1,0,0.9999999995,0.0,0,0,0,1,2.0,0.0,0.0,0.0,0.0,0.5,0.5,2,std_ie_s,0.0,0.0,0,0,0,0,1,1,0,2,0.0232046915924316,0,0.7190906022410627,1,0.6666666666666666,0.687636240896425,1
350601,350601,2,2015-08-13 19:10:04.369,2015-08-13 19:10:04.588,35,1,0,2,0,1,0,1,0,0.9999999995,0.0,0,0,0,1,2.0,0.0,21720.0,0.0,0.0,0.5,0.5,2,min_ie_s,0.219,1.0,0,0,0,0,1,1,0,2,0.0232046915924316,0,0.7190906022410627,1,0.6666666666666666,0.687636240896425,1
350601,350601,2,2015-08-13 19:10:04.369,2015-08-13 19:10:04.588,35,1,0,2,0,1,0,1,0,0.9999999995,0.0,0,0,0,1,2.0,0.0,21720.0,0.0,0.0,0.5,0.5,2,median_ie_s,0.219,1.0,0,0,0,0,1,1,0,2,0.0232046915924316,0,0.7190906022410627,1,0.6666666666666666,0.687636240896425,1
350601,350601,2,2015-08-13 19:10:04.369,2015-08-13 19:10:04.588,35,1,0,2,0,1,0,1,0,0.9999999995,0.0,0,0,0,1,2.0,0.0,21720.0,0.0,0.0,0.5,0.5,2,std_ie_s,0.0,1.0,0,0,0,0,1,1,0,2,0.0232046915924316,0,0.7190906022410627,1,0.6666666666666666,0.687636240896425,1
352283,352283,2,2015-06-21 20:49:36.716,2015-06-21 20:49:37.154,88,1,0,2,0,1,0,1,0,0.9999999995,0.0,0,0,0,1,2.0,0.0,46080.0,0.0,0.0,0.5,0.5,2,min_ie_s,0.438,1.0,0,0,0,0,1,1,0,2,0.0232046915924316,0,0.7190906022410627,1,0.6666666666666666,0.687636240896425,1
352283,352283,2,2015-06-21 20:49:36.716,2015-06-21 20:49:37.154,88,1,0,2,0,1,0,1,0,0.9999999995,0.0,0,0,0,1,2.0,0.0,46080.0,0.0,0.0,0.5,0.5,2,median_ie_s,0.438,1.0,0,0,0,0,1,1,0,2,0.0232046915924316,0,0.7190906022410627,1,0.6666666666666666,0.687636240896425,1
352283,352283,2,2015-06-21 20:49:36.716,2015-06-21 20:49:37.154,88,1,0,2,0,1,0,1,0,0.9999999995,0.0,0,0,0,1,2.0,0.0,46080.0,0.0,0.0,0.5,0.5,2,std_ie_s,0.0,1.0,0,0,0,0,1,1,0,2,0.0232046915924316,0,0.7190906022410627,1,0.6666666666666666,0.687636240896425,1
362028,362028,2,2015-07-31 05:20:30.125,2015-07-31 05:20:30.313,48,1,0,2,0,1,0,1,0,0.9999999995,0.0,0,0,0,1,2.0,0.0,73800.0,0.0,0.0,0.5,0.5,2,min_ie_s,0.188,1.0,0,0,0,0,1,1,0,2,0.0232046915924316,0,0.7190906022410627,1,0.6666666666666666,0.687636240896425,1
362028,362028,2,2015-07-31 05:20:30.125,2015-07-31 05:20:30.313,48,1,0,2,0,1,0,1,0,0.9999999995,0.0,0,0,0,1,2.0,0.0,73800.0,0.0,0.0,0.5,0.5,2,median_ie_s,0.188,1.0,0,0,0,0,1,1,0,2,0.0232046915924316,0,0.7190906022410627,1,0.6666666666666666,0.687636240896425,1
362028,362028,2,2015-07-31 05:20:30.125,2015-07-31 05:20:30.313,48,1,0,2,0,1,0,1,0,0.9999999995,0.0,0,0,0,1,2.0,0.0,73800.0,0.0,0.0,0.5,0.5,2,std_ie_s,0.0,1.0,0,0,0,0,1,1,0,2,0.0232046915924316,0,0.7190906022410627,1,0.6666666666666666,0.687636240896425,1
364143,364143,2,2015-07-20 02:27:49.743,2015-07-20 02:27:50.707,60,1,0,2,0,1,0,1,0,0.9999999995,0.0,0,0,0,1,2.0,0.0,4920.0,0.0,0.0,0.5,0.5,2,min_ie_s,0.964,1.0,0,0,0,0,1,1,0,2,0.0232046915924316,0,0.7190906022410627,1,0.6666666666666666,0.687636240896425,1
364143,364143,2,2015-07-20 02:27:49.743,2015-07-20 02:27:50.707,60,1,0,2,0,1,0,1,0,0.9999999995,0.0,0,0,0,1,2.0,0.0,4920.0,0.0,0.0,0.5,0.5,2,median_ie_s,0.964,1.0,0,0,0,0,1,1,0,2,0.0232046915924316,0,0.7190906022410627,1,0.6666666666666666,0.687636240896425,1
364143,364143,2,2015-07-20 02:27:49.743,2015-07-20 02:27:50.707,60,1,0,2,0,1,0,1,0,0.9999999995,0.0,0,0,0,1,2.0,0.0,4920.0,0.0,0.0,0.5,0.5,2,std_ie_s,0.0,1.0,0,0,0,0,1,1,0,2,0.0232046915924316,0,0.7190906022410627,1,0.6666666666666666,0.687636240896425,1
364451,364451,2,2015-07-07 01:18:11.670,2015-07-07 01:18:11.796,73,1,0,2,0,1,0,1,0,0.9999999995,0.0,0,0,0,1,2.0,0.0,475680.0,0.0,0.0,0.5,0.5,2,min_ie_s,0.126,1.0,0,0,0,0,1,1,0,2,0.0232046915924316,0,0.7190906022410627,1,0.6666666666666666,0.687636240896425,1
364451,364451,2,2015-07-07 01:18:11.670,2015-07-07 01:18:11.796,73,1,0,2,0,1,0,1,0,0.9999999995,0.0,0,0,0,1,2.0,0.0,475680.0,0.0,0.0,0.5,0.5,2,median_ie_s,0.126,1.0,0,0,0,0,1,1,0,2,0.0232046915924316,0,0.7190906022410627,1,0.6666666666666666,0.687636240896425,1
364451,364451,2,2015-07-07 01:18:11.670,2015-07-07 01:18:11.796,73,1,0,2,0,1,0,1,0,0.9999999995,0.0,0,0,0,1,2.0,0.0,475680.0,0.0,0.0,0.5,0.5,2,std_ie_s,0.0,1.0,0,0,0,0,1,1,0,2,0.0232046915924316,0,0.7190906022410627,1,0.6666666666666666,0.687636240896425,1
409315,409315,2,2015-06-03 06:39:07.061,2015-06-03 06:39:07.811,106,1,0,2,0,1,0,1,0,0.9999999995,0.0,0,0,0,1,2.0,0.0,23880.0,0.0,0.0,0.5,0.5,2,min_ie_s,0.75,1.0,0,0,0,0,1,1,0,2,0.0232046915924316,0,0.7190906022410627,1,0.6666666666666666,0.687636240896425,1
409315,409315,2,2015-06-03 06:39:07.061,2015-06-03 06:39:07.811,106,1,0,2,0,1,0,1,0,0.9999999995,0.0,0,0,0,1,2.0,0.0,23880.0,0.0,0.0,0.5,0.5,2,median_ie_s,0.75,1.0,0,0,0,0,1,1,0,2,0.0232046915924316,0,0.7190906022410627,1,0.6666666666666666,0.687636240896425,1
409315,409315,2,2015-06-03 06:39:07.061,2015-06-03 06:39:07.811,106,1,0,2,0,1,0,1,0,0.9999999995,0.0,0,0,0,1,2.0,0.0,23880.0,0.0,0.0,0.5,0.5,2,std_ie_s,0.0,1.0,0,0,0,0,1,1,0,2,0.0232046915924316,0,0.7190906022410627,1,0.6666666666666666,0.687636240896425,1
437747,437747,2,2015-08-05 00:29:44.408,2015-08-05 00:29:44.908,44,1,0,2,0,1,0,1,0,0.9999999995,0.0,0,0,0,1,2.0,0.0,184320.0,0.0,0.0,0.5,0.5,2,min_ie_s,0.5,1.0,0,0,0,0,1,1,0,2,0.0232046915924316,0,0.7190906022410627,1,0.6666666666666666,0.687636240896425,1
437747,437747,2,2015-08-05 00:29:44.408,2015-08-05 00:29:44.908,44,1,0,2,0,1,0,1,0,0.9999999995,0.0,0,0,0,1,2.0,0.0,184320.0,0.0,0.0,0.5,0.5,2,median_ie_s,0.5,1.0,0,0,0,0,1,1,0,2,0.0232046915924316,0,0.7190906022410627,1,0.6666666666666666,0.687636240896425,1
437747,437747,2,2015-08-05 00:29:44.408,2015-08-05 00:29:44.908,44,1,0,2,0,1,0,1,0,0.9999999995,0.0,0,0,0,1,2.0,0.0,184320.0,0.0,0.0,0.5,0.5,2,std_ie_s,0.0,1.0,0,0,0,0,1,1,0,2,0.0232046915924316,0,0.7190906022410627,1,0.6666666666666666,0.687636240896425,1
444414,444414,2,2015-08-06 06:36:58.412,2015-08-06 06:36:58.531,42,1,0,2,0,1,0,1,0,0.9999999995,0.0,0,0,0,1,2.0,0.0,239880.0,0.0,0.0,0.5,0.5,2,min_ie_s,0.119,1.0,0,0,0,0,1,1,0,2,0.0232046915924316,0,0.7190906022410627,1,0.6666666666666666,0.687636240896425,1
444414,444414,2,2015-08-06 06:36:58.412,2015-08-06 06:36:58.531,42,1,0,2,0,1,0,1,0,0.9999999995,0.0,0,0,0,1,2.0,0.0,239880.0,0.0,0.0,0.5,0.5,2,median_ie_s,0.119,1.0,0,0,0,0,1,1,0,2,0.0232046915924316,0,0.7190906022410627,1,0.6666666666666666,0.687636240896425,1
444414,444414,2,2015-08-06 06:36:58.412,2015-08-06 06:36:58.531,42,1,0,2,0,1,0,1,0,0.9999999995,0.0,0,0,0,1,2.0,0.0,239880.0,0.0,0.0,0.5,0.5,2,std_ie_s,0.0,1.0,0,0,0,0,1,1,0,2,0.0232046915924316,0,0.7190906022410627,1,0.6666666666666666,0.687636240896425,1
446514,446514,2,2015-07-04 22:02:24.103,2015-07-04 22:02:24.134,75,1,0,2,0,1,0,1,0,0.9999999995,0.0,0,0,0,1,2.0,0.0,191880.0,0.0,0.0,0.5,0.5,2,min_ie_s,0.031,1.0,0,0,0,0,1,1,0,2,0.0232046915924316,0,0.7190906022410627,1,0.6666666666666666,0.687636240896425,1
446514,446514,2,2015-07-04 22:02:24.103,2015-07-04 22:02:24.134,75,1,0,2,0,1,0,1,0,0.9999999995,0.0,0,0,0,1,2.0,0.0,191880.0,0.0,0.0,0.5,0.5,2,median_ie_s,0.031,1.0,0,0,0,0,1,1,0,2,0.0232046915924316,0,0.7190906022410627,1,0.6666666666666666,0.687636240896425,1
446514,446514,2,2015-07-04 22:02:24.103,2015-07-04 22:02:24.134,75,1,0,2,0,1,0,1,0,0.9999999995,0.0,0,0,0,1,2.0,0.0,191880.0,0.0,0.0,0.5,0.5,2,std_ie_s,0.0,1.0,0,0,0,0,1,1,0,2,0.0232046915924316,0,0.7190906022410627,1,0.6666666666666666,0.687636240896425,1
463402,463402,2,2015-07-15 19:35:24.052,2015-07-15 19:35:24.317,64,1,0,2,0,1,0,1,0,0.9999999995,0.0,0,0,0,1,2.0,0.0,15720.0,0.0,0.0,0.5,0.5,2,min_ie_s,0.265,1.0,0,0,0,0,1,1,0,2,0.0232046915924316,0,0.7190906022410627,1,0.6666666666666666,0.687636240896425,1
463402,463402,2,2015-07-15 19:35:24.052,2015-07-15 19:35:24.317,64,1,0,2,0,1,0,1,0,0.9999999995,0.0,0,0,0,1,2.0,0.0,15720.0,0.0,0.0,0.5,0.5,2,median_ie_s,0.265,1.0,0,0,0,0,1,1,0,2,0.0232046915924316,0,0.7190906022410627,1,0.6666666666666666,0.687636240896425,1
463402,463402,2,2015-07-15 19:35:24.052,2015-07-15 19:35:24.317,64,1,0,2,0,1,0,1,0,0.9999999995,0.0,0,0,0,1,2.0,0.0,15720.0,0.0,0.0,0.5,0.5,2,std_ie_s,0.0,1.0,0,0,0,0,1,1,0,2,0.0232046915924316,0,0.7190906022410627,1,0.6666666666666666,0.687636240896425,1
466952,466952,2,2015-07-24 21:48:40.386,2015-07-24 21:48:40.511,55,1,0,2,0,1,0,1,0,0.9999999995,0.0,0,0,0,1,2.0,0.0,27000.0,0.0,0.0,0.5,0.5,2,min_ie_s,0.125,1.0,0,0,0,0,1,1,0,2,0.0232046915924316,0,0.7190906022410627,1,0.6666666666666666,0.687636240896425,1
466952,466952,2,2015-07-24 21:48:40.386,2015-07-24 21:48:40.511,55,1,0,2,0,1,0,1,0,0.9999999995,0.0,0,0,0,1,2.0,0.0,27000.0,0.0,0.0,0.5,0.5,2,median_ie_s,0.125,1.0,0,0,0,0,1,1,0,2,0.0232046915924316,0,0.7190906022410627,1,0.6666666666666666,0.687636240896425,1
466952,466952,2,2015-07-24 21:48:40.386,2015-07-24 21:48:40.511,55,1,0,2,0,1,0,1,0,0.9999999995,0.0,0,0,0,1,2.0,0.0,27000.0,0.0,0.0,0.5,0.5,2,std_ie_s,0.0,1.0,0,0,0,0,1,1,0,2,0.0232046915924316,0,0.7190906022410627,1,0.6666666666666666,0.687636240896425,1
475768,475768,2,2015-07-21 10:40:44.840,2015-07-21 10:40:44.952,58,1,0,2,0,1,0,1,0,0.9999999995,0.0,0,0,0,1,2.0,0.0,15480.0,0.0,0.0,0.5,0.5,2,min_ie_s,0.112,1.0,0,0,0,0,1,1,0,2,0.0232046915924316,0,0.7190906022410627,1,0.6666666666666666,0.687636240896425,1
475768,475768,2,2015-07-21 10:40:44.840,2015-07-21 10:40:44.952,58,1,0,2,0,1,0,1,0,0.9999999995,0.0,0,0,0,1,2.0,0.0,15480.0,0.0,0.0,0.5,0.5,2,median_ie_s,0.112,1.0,0,0,0,0,1,1,0,2,0.0232046915924316,0,0.7190906022410627,1,0.6666666666666666,0.687636240896425,1
475768,475768,2,2015-07-21 10:40:44.840,2015-07-21 10:40:44.952,58,1,0,2,0,1,0,1,0,0.9999999995,0.0,0,0,0,1,2.0,0.0,15480.0,0.0,0.0,0.5,0.5,2,std_ie_s,0.0,1.0,0,0,0,0,1,1,0,2,0.0232046915924316,0,0.7190906022410627,1,0.6666666666666666,0.687636240896425,1
484178,484178,2,2015-06-25 00:01:16.269,2015-06-25 00:01:16.347,85,1,0,2,0,1,0,1,0,0.9999999995,0.0,0,0,0,1,2.0,0.0,24840.0,0.0,0.0,0.5,0.5,2,min_ie_s,0.078,1.0,0,0,0,0,1,1,0,2,0.0232046915924316,0,0.7190906022410627,1,0.6666666666666666,0.687636240896425,1
484178,484178,2,2015-06-25 00:01:16.269,2015-06-25 00:01:16.347,85,1,0,2,0,1,0,1,0,0.9999999995,0.0,0,0,0,1,2.0,0.0,24840.0,0.0,0.0,0.5,0.5,2,median_ie_s,0.078,1.0,0,0,0,0,1,1,0,2,0.0232046915924316,0,0.7190906022410627,1,0.6666666666666666,0.687636240896425,1
484178,484178,2,2015-06-25 00:01:16.269,2015-06-25 00:01:16.347,85,1,0,2,0,1,0,1,0,0.9999999995,0.0,0,0,0,1,2.0,0.0,24840.0,0.0,0.0,0.5,0.5,2,std_ie_s,0.0,1.0,0,0,0,0,1,1,0,2,0.0232046915924316,0,0.7190906022410627,1,0.6666666666666666,0.687636240896425,1
507332,507332,2,2015-06-16 17:39:12.342,2015-06-16 17:39:12.435,93,1,0,2,0,1,0,1,0,0.9999999995,0.0,0,0,0,1,2.0,0.0,40920.0,0.0,0.0,0.5,0.5,2,min_ie_s,0.093,1.0,0,0,0,0,1,1,0,2,0.0232046915924316,0,0.7190906022410627,1,0.6666666666666666,0.687636240896425,1
507332,507332,2,2015-06-16 17:39:12.342,2015-06-16 17:39:12.435,93,1,0,2,0,1,0,1,0,0.9999999995,0.0,0,0,0,1,2.0,0.0,40920.0,0.0,0.0,0.5,0.5,2,median_ie_s,0.093,1.0,0,0,0,0,1,1,0,2,0.0232046915924316,0,0.7190906022410627,1,0.6666666666666666,0.687636240896425,1
507332,507332,2,2015-06-16 17:39:12.342,2015-06-16 17:39:12.435,93,1,0,2,0,1,0,1,0,0.9999999995,0.0,0,0,0,1,2.0,0.0,40920.0,0.0,0.0,0.5,0.5,2,std_ie_s,0.0,1.0,0,0,0,0,1,1,0,2,0.0232046915924316,0,0.7190906022410627,1,0.6666666666666666,0.687636240896425,1
564248,564248,2,2015-08-04 19:23:09.505,2015-08-04 19:23:09.615,44,1,0,2,0,1,0,1,0,0.9999999995,0.0,0,0,0,1,2.0,0.0,178680.0,0.0,0.0,0.5,0.5,2,min_ie_s,0.11,1.0,0,0,0,0,1,1,0,2,0.0232046915924316,0,0.7190906022410627,1,0.6666666666666666,0.687636240896425,1
564248,564248,2,2015-08-04 19:23:09.505,2015-08-04 19:23:09.615,44,1,0,2,0,1,0,1,0,0.9999999995,0.0,0,0,0,1,2.0,0.0,178680.0,0.0,0.0,0.5,0.5,2,median_ie_s,0.11,1.0,0,0,0,0,1,1,0,2,0.0232046915924316,0,0.7190906022410627,1,0.6666666666666666,0.687636240896425,1
